{
 "cells": [
  {
   "cell_type": "markdown",
   "metadata": {},
   "source": [
    "# Combination of GC and WL\n",
    "\n",
    "For now we are only considering the $\\Lambda$ CDM flat model\n",
    "\n",
    "Parameters:\n",
    "\n",
    "1. $\\Omega_{m,0}$\n",
    "\n",
    "2. $\\Omega_{b,0}$\n",
    "\n",
    "3. $h$\n",
    "\n",
    "5. $n_s$\n",
    "\n",
    "6. $\\sigma_8$"
   ]
  },
  {
   "cell_type": "code",
   "execution_count": 15,
   "metadata": {},
   "outputs": [],
   "source": [
    "import numpy as np\n",
    "import sympy as smp\n",
    "import matplotlib.pyplot as plt\n",
    "import inspect\n",
    "import pandas as pd\n",
    "\n",
    "# For interpolation\n",
    "from scipy.interpolate import RectBivariateSpline, interp2d\n",
    "\n",
    "import warnings\n",
    "\n",
    "# Ignore DeprecationWarnings\n",
    "warnings.filterwarnings(\"ignore\", category=DeprecationWarning)\n",
    "warnings.filterwarnings(\"ignore\", message=\".*divmax.*\")\n",
    "\n",
    "import logging\n",
    "# Basic registry settings\n",
    "logging.basicConfig(level=logging.INFO)"
   ]
  },
  {
   "cell_type": "markdown",
   "metadata": {},
   "source": [
    "## Cosmological constants\n"
   ]
  },
  {
   "cell_type": "code",
   "execution_count": 16,
   "metadata": {},
   "outputs": [],
   "source": [
    "# First model\n",
    "Omega_b0= 0.05\n",
    "omega_b0= 0.022445\n",
    "Omega_m0 = 0.32\n",
    "omega_m0 = 0.143648\n",
    "h = 0.67\n",
    "n_s = 0.96\n",
    "sigma_8 = 0.816\n",
    "Omega_DE0 = 0.68\n",
    "w_0 = -1\n",
    "w_a = 0\n",
    "gamma = 0.55\n",
    "Omega_K0 = 1 - (Omega_DE0 + Omega_m0) # FLAT universe!\n",
    "\n",
    "#[params_cosmo]\n",
    "#sigma8 = 0.815584\n",
    "#h = 0.670\n",
    "#omega_cdm      = 0.2685628338348412\n",
    "#omega_lambda   = 0.68\n",
    "#pivot_scalar              = 0.05\n",
    "#pivot_tensor              = 0.05\n",
    "#scalar_amp(1)             = 2.12605e-09\n",
    "#scalar_spectral_index(1)  = 0.96\n",
    "#Omega_b = 0.05\n",
    "#Omega_m = 0.32\n",
    "#Omega_nu = 0.00143717\n",
    "#n_s = 0.96\n",
    "#A_s = 2.12605e-09\n",
    "\n",
    "# Euclid specifications\n",
    "sigma_epsilon  = 0.3\n",
    "n_g = 30 #arcmin^-2. Surface density of galaxies\n",
    "A_survey = 15000 #deg^2\n",
    "N_z= 10 #number of redshift bins\n",
    "ng_i = n_g/N_z # Surface density of galaxies per bin"
   ]
  },
  {
   "cell_type": "markdown",
   "metadata": {},
   "source": [
    "## Import the data set"
   ]
  },
  {
   "cell_type": "code",
   "execution_count": 17,
   "metadata": {},
   "outputs": [],
   "source": [
    "# Matter power spectrum\n",
    "P = 'c:/Users/MICROSOSFT/Documents/Investigacion 1/fiducial_eps_0/Pnonlin-zk.txt'\n",
    "P_deltas = pd.read_csv(P, header=None, delimiter=' ')  # Cambia ' ' por el delimitador correcto\n",
    "\n",
    "P_array_2d = P_deltas.values\n",
    "P_list = P_deltas.values.flatten().tolist()\n",
    "P_array_1d = np.array(P_list) # DONT USE\n",
    "\n",
    "# Redshift\n",
    "red = 'c:/Users/MICROSOSFT/Documents/Investigacion 1/fiducial_eps_0/z_values_list.txt'\n",
    "z = pd.read_csv(red, header=None, delimiter=' ')  # Cambia ' ' por el delimitador correcto\n",
    "\n",
    "z_list = z.values.flatten().tolist()\n",
    "z_array = np.array(z_list)\n",
    "\n",
    "# k values\n",
    "kas = 'c:/Users/MICROSOSFT/Documents/Investigacion 1/fiducial_eps_0/k_values_list.txt'\n",
    "k = pd.read_csv(kas, header=None, delimiter=' ')  # Cambia ' ' por el delimitador correcto\n",
    "\n",
    "k_list = k.values.flatten().tolist()\n",
    "k_array = np.array(k_list)\n",
    "\n",
    "# D values\n",
    "\n",
    "D = 'c:/Users/MICROSOSFT/Documents/Investigacion 1/fiducial_eps_0/D_Growth-zk.txt'\n",
    "D_deltas = pd.read_csv(D, header=None, delimiter=' ')  # Cambia ' ' por el delimitador correcto\n",
    "\n",
    "D_array_2d = D_deltas.values"
   ]
  },
  {
   "cell_type": "markdown",
   "metadata": {},
   "source": [
    "## Fiducial values"
   ]
  },
  {
   "cell_type": "code",
   "execution_count": 18,
   "metadata": {},
   "outputs": [],
   "source": [
    "Omega_c0 = 0.2685628338348412\n",
    "\n",
    "Omega_nu0 = 0.00143717\n",
    "\n",
    "Omega_b0 = 0.05\n",
    "\n",
    "Omega_m0 = Omega_c0 + Omega_nu0 + Omega_b0\n",
    "\n",
    "Omega_DE0 = 0.68 #Omega_lambda = (1-Omega_m0)\n",
    "\n",
    "w0= -1\n",
    "\n",
    "wa = 0\n",
    "\n",
    "Omega_K0 = 1 - (Omega_m0 + Omega_DE0)\n",
    "\n",
    "h = 0.67\n",
    "\n",
    "c = 299792\n",
    "\n",
    "sigma8 = 0.816\n",
    "\n",
    "ns = 0.96\n",
    "\n",
    "gamma = 6/11"
   ]
  },
  {
   "cell_type": "markdown",
   "metadata": {},
   "source": [
    "### Numerical Derivatives"
   ]
  },
  {
   "cell_type": "code",
   "execution_count": 19,
   "metadata": {},
   "outputs": [],
   "source": [
    "## Derivada con respecto a ns y sigma8\n",
    "\n",
    "# Matter power spectrum_plus_ns\n",
    "P_pl_ns_data = 'c:/Users/MICROSOSFT/Documents/Investigacion 1/ns_pl_eps_1p0E-2/Pnonlin-zk.txt'\n",
    "P_deltas_pl_ns = pd.read_csv(P_pl_ns_data, header=None, delimiter=' ')  \n",
    "\n",
    "P_pl_ns = P_deltas_pl_ns.values\n",
    "\n",
    "# Matter power spectrum_minor_ns\n",
    "P_mn_ns_data = 'c:/Users/MICROSOSFT/Documents/Investigacion 1/ns_mn_eps_1p0E-2/Pnonlin-zk.txt'\n",
    "P_deltas_mn_ns = pd.read_csv(P_mn_ns_data, header=None, delimiter=' ')  \n",
    "\n",
    "P_mn_ns = P_deltas_mn_ns.values\n",
    "\n",
    "# Matter power spectrum_plus_sigma8\n",
    "P_pl_sig_data = 'c:/Users/MICROSOSFT/Documents/Investigacion 1/s8_pl_eps_1p0E-2/Pnonlin-zk.txt'\n",
    "P_deltas_pl_sig = pd.read_csv(P_pl_sig_data, header=None, delimiter=' ')  \n",
    "\n",
    "P_pl_sig = P_deltas_pl_sig.values\n",
    "\n",
    "# Matter power spectrum_minor_sigma8\n",
    "P_mn_sig_data = 'c:/Users/MICROSOSFT/Documents/Investigacion 1/s8_mn_eps_1p0E-2/Pnonlin-zk.txt'\n",
    "P_deltas_mn_sig = pd.read_csv(P_mn_sig_data, header=None, delimiter=' ')  \n",
    "\n",
    "P_mn_sig = P_deltas_mn_sig.values"
   ]
  },
  {
   "cell_type": "code",
   "execution_count": 20,
   "metadata": {},
   "outputs": [],
   "source": [
    "# Derivadas numericas\n",
    "\n",
    "der_P_ns = (P_pl_ns - P_mn_ns)/(2*0.01*ns)\n",
    "\n",
    "der_P_sigma8 = (P_pl_sig - P_mn_sig)/(2*0.01*sigma8)"
   ]
  },
  {
   "cell_type": "code",
   "execution_count": 21,
   "metadata": {},
   "outputs": [],
   "source": [
    "interp_func_sig = RectBivariateSpline(z_array, np.log10(k_array), der_P_sigma8)"
   ]
  },
  {
   "cell_type": "code",
   "execution_count": 22,
   "metadata": {},
   "outputs": [],
   "source": [
    "interp_func_ns = RectBivariateSpline(z_array, np.log10(k_array), der_P_ns)"
   ]
  },
  {
   "cell_type": "markdown",
   "metadata": {},
   "source": [
    "## For comparison"
   ]
  },
  {
   "cell_type": "code",
   "execution_count": 23,
   "metadata": {},
   "outputs": [],
   "source": [
    "def comparison(created, expected):\n",
    "    return 100*np.abs(1 - (created/expected))"
   ]
  },
  {
   "cell_type": "markdown",
   "metadata": {},
   "source": [
    "# WL code"
   ]
  },
  {
   "cell_type": "code",
   "execution_count": 24,
   "metadata": {},
   "outputs": [],
   "source": [
    "class ClassIntegration:\n",
    "    def __init__(self, params):\n",
    "        self.z = params['z']\n",
    "\n",
    "    def E2(self, z, Omega_m0, h, Omega_b0, ns, sigma8):\n",
    "        # quitar Omega_b? pero si hago eso...donde se modifica este parametro?\n",
    "        Oomega_m0 =  (Omega_c0 + Omega_nu0 + Omega_b0) \n",
    "        Omega_k0 = 0\n",
    "        Omega_DE0 = 1 - ((2*Oomega_m0) - Omega_m0)\n",
    "        radicando = ((2*Oomega_m0) - Omega_m0) * (1 + z)**3 + Omega_DE0\n",
    "        return np.sqrt(radicando)\n",
    "\n",
    "    def inverse_E2(self, z, Omega_m0, h, Omega_b0, ns, sigma8):\n",
    "        return 1 / self.E2(z, Omega_m0, h, Omega_b0, ns, sigma8)\n",
    "\n",
    "    def n_t(self, z):\n",
    "        z_m, z_0 = 0.9, 0.9 / np.sqrt(2)\n",
    "        return ((z / z_0)**2) * np.exp(-(z / z_0)**(3 / 2))\n",
    "\n",
    "    def p_ph(self, z_p, z):\n",
    "        def gauss(c, z0, s, z, zp):\n",
    "            return (1 / (np.sqrt(2 * np.pi) * s * (1 + z))) * np.exp(-0.5 * ((z - (c * zp) - z0) / (s * (1 + z)))**2)\n",
    "        return (1 - 0.1) * gauss(1, 0, 0.05, z, z_p) + 0.1 * gauss(1, 0.1, 0.05, z, z_p)\n",
    "\n",
    "    def r(self, z, Omega_m0, h, Omega_b0, ns, sigma8):\n",
    "        c = 299792\n",
    "        H_0 = 100 * h\n",
    "        z_prime = np.linspace(0, z, 30)\n",
    "        delta = z / len(z_prime)\n",
    "        integrand = self.inverse_E2(z_prime, Omega_m0, h, Omega_b0, ns, sigma8) * delta\n",
    "        return np.sum(integrand) * (c / H_0)\n",
    "\n",
    "    def n_i_try(self, i, z):\n",
    "        z_bins = [0.001, 0.42, 0.56, 0.68, 0.79, 0.9, 1.02, 1.15, 1.32, 1.58, 2.5]\n",
    "        denominators = np.array([0.04599087, 0.04048852, 0.04096115, 0.03951212, 0.03886145, 0.03944441, 0.03751183, 0.03950185, 0.04042198, 0.03827518])\n",
    "\n",
    "        def numerator_n_i(i, z):\n",
    "            z_prime = np.linspace(z_bins[i], z_bins[i + 1], 20)\n",
    "            delta = (z_bins[i + 1] - z_bins[i]) / len(z_prime)\n",
    "            multiplication_array = self.n_t(z) * self.p_ph(z_prime, z)\n",
    "            return np.sum(multiplication_array * delta)\n",
    "\n",
    "        return numerator_n_i(i, z) / denominators[i]\n",
    "\n",
    "    def Window2(self, i,  Omega_m0, h, Omega_b0, ns, sigma8):\n",
    "        H_0 = 100 * h\n",
    "        result = []\n",
    "        for z in self.z:\n",
    "            z_max = 2.5\n",
    "            z_prime = np.linspace(z, z_max, 20)\n",
    "            delta = (z_max - z) / len(z_prime)\n",
    "            r_true = self.r(z, Omega_m0, h, Omega_b0, ns, sigma8)\n",
    "            n_array = np.array([self.n_i_try(i, zs) for zs in z_prime])\n",
    "            r_array = np.array([self.r(zs, Omega_m0, h, Omega_b0, ns, sigma8) for zs in z_prime])\n",
    "            integrand = n_array * (1 - ((r_true / c / H_0) / (r_array / c / H_0))) * delta\n",
    "            result.append(np.sum(integrand))\n",
    "        return np.array(result)"
   ]
  },
  {
   "cell_type": "code",
   "execution_count": 25,
   "metadata": {},
   "outputs": [],
   "source": [
    "class CosmicShear:\n",
    "    def __init__(self, cosmic_paramss):\n",
    "        self.z = cosmic_paramss['z']\n",
    "        self.l = cosmic_paramss['l']\n",
    "\n",
    "    def E2(self, z, Omega_m0, h, Omega_b0, ns, sigma8):\n",
    "        # quitar Omega_b? pero si hago eso...donde se modifica este parametro?\n",
    "        Oomega_m0 =  (Omega_c0 + Omega_nu0 + Omega_b0) \n",
    "        Omega_k0 = 0\n",
    "        Omega_DE0 = 1 - ((2*Oomega_m0) - Omega_m0)\n",
    "        radicando = ((2*Oomega_m0) - Omega_m0) * (1 + z)**3 + Omega_DE0\n",
    "        return np.sqrt(radicando)\n",
    "\n",
    "    def inverse_E2(self, z, Omega_m0, h, Omega_b0, ns, sigma8):\n",
    "        return 1 / self.E2(z, Omega_m0, h, Omega_b0, ns, sigma8)\n",
    "\n",
    "    def r(self, z, Omega_m0, h, Omega_b0, ns, sigma8):\n",
    "        c = 299792\n",
    "        H_0 = 100 * h\n",
    "        z_prime = np.linspace(0, z, 30)\n",
    "        delta = z / len(z_prime)\n",
    "        integrand = self.inverse_E2(z_prime, Omega_m0, h, Omega_b0, ns, sigma8) * delta\n",
    "        return np.sum(integrand) * (c / H_0)\n",
    "\n",
    "    def SN(self, i, j):\n",
    "        return (0.3**2) / 35454308.58 if i == j else 0\n",
    "\n",
    "    def D(self, z, Omega_m0, h, Omega_b0, ns, sigma8):\n",
    "        Oomega_m0 =  (Omega_c0 + Omega_nu0 + Omega_b0) \n",
    "        z_prime = np.linspace(0, z, 30)\n",
    "        E_array = self.E2(z_prime, Omega_m0, h, Omega_b0, ns, sigma8)\n",
    "        Omega_m = (((2*Oomega_m0) - Omega_m0)  * (1 + z_prime)**3) / (E_array**2)\n",
    "        delta = z / len(z_prime)\n",
    "        integral = np.sum((Omega_m**gamma / (1 + z_prime)) * delta)\n",
    "        return np.exp(-integral)\n",
    "\n",
    "    interp_func = RectBivariateSpline(z_array, np.log10(k_array), np.log10(P_array_2d))\n",
    "    interp_func_ns = RectBivariateSpline(z_array, np.log10(k_array), der_P_ns)\n",
    "    interp_func_sig = RectBivariateSpline(z_array, np.log10(k_array), der_P_sigma8)\n",
    "\n",
    "    def PK(self, z, k):\n",
    "        return 10**(self.interp_func(z, np.log10(k), grid=False))\n",
    "\n",
    "    def PPS(self, z, l, Omega_m0, h, Omega_b0, ns, sigma8):\n",
    "        k = ((10**l + 0.5) / self.r(z, Omega_m0, h, Omega_b0, ns, sigma8))\n",
    "        P = float(self.PK(z, k))\n",
    "        return P\n",
    "    \n",
    "    def der_PK_ns(self, z, k):\n",
    "        return self.interp_func_ns(z, np.log10(k), grid=False)\n",
    "\n",
    "    def der_PPS_ns(self, z, l, Omega_m0, h, Omega_b0, ns, sigma8):\n",
    "        k = ((10**l + 0.5)/self.r(z, Omega_m0, h, Omega_b0, ns, sigma8))\n",
    "        P = float(self.der_PK_ns(z, k))\n",
    "        return P\n",
    "\n",
    "    def der_PK_sig(self, z, k):\n",
    "        return self.interp_func_sig(z, np.log10(k), grid=False)\n",
    "\n",
    "    def der_PPS_sig(self, z, l, Omega_m0, h, Omega_b0, ns, sigma8):\n",
    "        k = ((10**l + 0.5)/self.r(z, Omega_m0, h, Omega_b0, ns, sigma8))\n",
    "        P = float(self.der_PK_sig(z, k))\n",
    "        return P\n",
    "    \n",
    "    def Cosmic_Shear_l3(self, i ,j, Omega_m0, h, Omega_b0, ns, sigma8, Aia, Cia):\n",
    "        H_0, z_max, z_min = 100 * h, 2.5, 0.001\n",
    "        c = 299792\n",
    "        z_prime, delta = self.z, (z_max - z_min) / len(self.z)\n",
    "        SNs = self.SN(i, j)\n",
    "\n",
    "        params = {'z': z_prime}\n",
    "        \n",
    "        A = ClassIntegration(params)\n",
    "\n",
    "        result = []\n",
    "\n",
    "        D_array = np.array([self.D(zs, Omega_m0, h, Omega_b0, ns, sigma8) for zs in z_prime])\n",
    "        E_array = self.E2(z_prime, Omega_m0, h, Omega_b0, ns, sigma8)\n",
    "        Wi = np.array(A.Window2(i, Omega_m0, h, Omega_b0, ns, sigma8))\n",
    "        n_i_array = np.array([A.n_i_try(i, zs) for zs in z_prime])\n",
    "        Wj = np.array(A.Window2(j, Omega_m0, h, Omega_b0, ns, sigma8))\n",
    "        n_j_array = np.array([A.n_i_try(j, zs) for zs in z_prime])\n",
    "        r_array = np.array([self.r(zs, Omega_m0, h, Omega_b0, ns, sigma8) for zs in z_prime])\n",
    "\n",
    "        operador1 = ((1.5 * Omega_m0 * (1+z_prime)) **2) * (H_0 / c) ** 3\n",
    "        operador2 = 1.5* Omega_m0 * (1+z_prime) * (H_0 / c) ** 3\n",
    "        operador3 =  (H_0 / c)**3\n",
    "\n",
    "        K_gg = operador1 * (Wi * Wj / (E_array))\n",
    "        K_Ig = operador2 * ((n_i_array * Wj) + (n_j_array * Wi)) / (r_array / c / H_0)\n",
    "        K_II = operador3 * (n_i_array * n_j_array * E_array) / ((r_array / c / H_0) **2)\n",
    "        \n",
    "        for ls in self.l:\n",
    "\n",
    "            P_gg = np.array([self.PPS(z_primes, ls, Omega_m0, h, Omega_b0, ns, sigma8) for z_primes in z_prime])\n",
    "            P_Ig = (-Aia * Cia * Omega_m0 / D_array) * np.array([self.PPS(z_primes, ls, Omega_m0, h, Omega_b0, ns, sigma8)  for z_primes in z_prime])\n",
    "            P_II = ((-Aia * Cia * Omega_m0 / D_array) ** 2) * np.array([self.PPS(z_primes, ls, Omega_m0, h, Omega_b0, ns, sigma8)  for z_primes in z_prime])\n",
    "\n",
    "            integrand = ((K_gg * P_gg) + (K_Ig * P_Ig) + (K_II * P_II)) * float(delta)\n",
    "            integral =  np.sum(integrand)\n",
    "            integral_final = integral + SNs\n",
    "\n",
    "            result.append(integral_final)\n",
    "\n",
    "        return np.array(result)\n",
    "    \n",
    "    def Der_C_ns(self, i ,j, Omega_m0, h, Omega_b0, ns, sigma8, Aia, Cia): \n",
    "        H_0, z_max, z_min = 100 * h, 2.5, 0.001\n",
    "        z_prime, delta = self.z, (z_max - z_min) / len(self.z)\n",
    "        SNs = self.SN(i, j)\n",
    "\n",
    "        params = {'z': z_prime}\n",
    "        \n",
    "        A = ClassIntegration(params)\n",
    "\n",
    "        result = []\n",
    "\n",
    "        D_array = np.array([self.D(zs, Omega_m0, h, Omega_b0, ns, sigma8) for zs in z_prime])\n",
    "        E_array = self.E2(z_prime, Omega_m0, h, Omega_b0, ns, sigma8)\n",
    "        Wi = np.array(A.Window2(i, Omega_m0, h, Omega_b0, ns, sigma8))\n",
    "        n_i_array = np.array([A.n_i_try(i, zs) for zs in z_prime])\n",
    "        Wj = np.array(A.Window2(j, Omega_m0, h, Omega_b0, ns, sigma8))\n",
    "        n_j_array = np.array([A.n_i_try(j, zs) for zs in z_prime])\n",
    "        r_array = np.array([self.r(zs, Omega_m0, h, Omega_b0, ns, sigma8) for zs in z_prime])\n",
    "\n",
    "        operador1 = ((1.5 * Omega_m0 * (1+z_prime)) **2) * (H_0 / c) ** 3\n",
    "        operador2 = 1.5* Omega_m0 * (1+z_prime) * (H_0 / c) ** 3\n",
    "        operador3 =  (H_0 / c)**3\n",
    "\n",
    "        K_gg = operador1 * (Wi * Wj / (E_array))\n",
    "        K_Ig = operador2 * ((n_i_array * Wj) + (n_j_array * Wi)) / (r_array / c / H_0)\n",
    "        K_II = operador3 * (n_i_array * n_j_array * E_array) / ((r_array / c / H_0) **2)\n",
    "        \n",
    "        for ls in self.l:\n",
    "\n",
    "            P_gg = np.array([self.der_PPS_ns(z_primes, ls, Omega_m0, h, Omega_b0, ns, sigma8) for z_primes in z_prime])\n",
    "            P_Ig = (-Aia * Cia * Omega_m0 / D_array) * np.array([self.der_PPS_ns(z_primes, ls, Omega_m0, h, Omega_b0, ns, sigma8)  for z_primes in z_prime])\n",
    "            P_II = ((-Aia * Cia * Omega_m0 / D_array) ** 2) * np.array([self.der_PPS_ns(z_primes, ls, Omega_m0, h, Omega_b0, ns, sigma8)  for z_primes in z_prime])\n",
    "\n",
    "            integrand = ((K_gg * P_gg) + (K_Ig * P_Ig) + (K_II * P_II)) * float(delta) \n",
    "            integral =  np.sum(integrand)\n",
    "            integral_final = integral + SNs\n",
    "\n",
    "            result.append(integral_final)\n",
    "\n",
    "        return np.array(result)\n",
    "    \n",
    "    def Der_C_sig(self, i ,j, Omega_m0, h, Omega_b0, ns, sigma8, Aia, Cia):\n",
    "        H_0, z_max, z_min = 100 * h, 2.5, 0.001\n",
    "        z_prime, delta = self.z, (z_max - z_min) / len(self.z)\n",
    "        SNs = self.SN(i, j)\n",
    "\n",
    "        param = {'z': z_prime}\n",
    "        \n",
    "        A = ClassIntegration(param)\n",
    "\n",
    "        result = []\n",
    "\n",
    "        D_array = np.array([self.D(zs, Omega_m0, h, Omega_b0, ns, sigma8) for zs in z_prime])\n",
    "        E_array = self.E2(z_prime, Omega_m0, h, Omega_b0, ns, sigma8)\n",
    "        Wi = np.array(A.Window2(i, Omega_m0, h, Omega_b0, ns, sigma8))\n",
    "        n_i_array = np.array([A.n_i_try(i, zs) for zs in z_prime])\n",
    "        Wj = np.array(A.Window2(j, Omega_m0, h, Omega_b0, ns, sigma8))\n",
    "        n_j_array = np.array([A.n_i_try(j, zs) for zs in z_prime])\n",
    "        r_array = np.array([self.r(zs, Omega_m0, h, Omega_b0, ns, sigma8) for zs in z_prime])\n",
    "\n",
    "        operador1 = ((1.5 * Omega_m0 * (1+z_prime)) **2) * (H_0 / c) ** 3\n",
    "        operador2 = 1.5* Omega_m0 * (1+z_prime) * (H_0 / c) ** 3\n",
    "        operador3 =  (H_0 / c)**3\n",
    "\n",
    "        K_gg = operador1 * (Wi * Wj / (E_array))\n",
    "        K_Ig = operador2 * ((n_i_array * Wj) + (n_j_array * Wi)) / (r_array / c / H_0)\n",
    "        K_II = operador3 * (n_i_array * n_j_array * E_array) / ((r_array / c / H_0) **2)\n",
    "        \n",
    "        for ls in self.l:\n",
    "\n",
    "            P_gg = np.array([self.der_PPS_sig(z_primes, ls, Omega_m0, h, Omega_b0, ns, sigma8) for z_primes in z_prime])\n",
    "            P_Ig = (-Aia * Cia * Omega_m0 / D_array) * np.array([self.der_PPS_sig(z_primes, ls, Omega_m0, h, Omega_b0, ns, sigma8)  for z_primes in z_prime])\n",
    "            P_II = ((-Aia * Cia * Omega_m0 / D_array) ** 2) * np.array([self.der_PPS_sig(z_primes, ls, Omega_m0, h, Omega_b0, ns, sigma8)  for z_primes in z_prime])\n",
    "\n",
    "            integrand = ((K_gg * P_gg) + (K_Ig * P_Ig) + (K_II * P_II)) * float(delta) \n",
    "            integral =  np.sum(integrand)\n",
    "            integral_final = integral + SNs\n",
    "\n",
    "            result.append(integral_final)\n",
    "\n",
    "        return np.array(result)\n",
    "    \n",
    "    def Der_C_Omega(self, i, j, epsilon, Omega_m0, h, Omega_b0, ns, sigma8, Aia, Cia):\n",
    "        C_plus = self.Cosmic_Shear_l3(i, j, Omega_m0*(1+epsilon), h, Omega_b0, ns, sigma8, Aia, Cia)\n",
    "        C_minus = self.Cosmic_Shear_l3(i, j, Omega_m0*(1-epsilon), h, Omega_b0, ns, sigma8, Aia, Cia)\n",
    "\n",
    "        return (C_plus - C_minus)/(epsilon*2*Omega_m0)\n",
    "\n",
    "    def Der_C_h(self, i, j, epsilon, Omega_m0, h, Omega_b0, ns, sigma8, Aia, Cia):\n",
    "        C_plus = self.Cosmic_Shear_l3(i, j, Omega_m0, h + epsilon, Omega_b0, ns, sigma8, Aia, Cia)\n",
    "        C_minus = self.Cosmic_Shear_l3(i, j, Omega_m0, h -epsilon, Omega_b0, ns, sigma8, Aia, Cia)\n",
    "\n",
    "        return (C_plus - C_minus)/(epsilon*2*h)\n",
    "\n",
    "    def Der_C_Omega_b(self, i, j, epsilon, Omega_m0, h, Omega_b0, ns, sigma8, Aia, Cia):\n",
    "        C_plus = self.Cosmic_Shear_l3(i, j, Omega_m0, h, Omega_b0*(1+epsilon), ns, sigma8, Aia, Cia)\n",
    "        C_minus = self.Cosmic_Shear_l3(i, j, Omega_m0, h, Omega_b0*(1-epsilon), ns, sigma8, Aia, Cia)\n",
    "\n",
    "        return (C_plus - C_minus)/(epsilon*2*Omega_b0)\n",
    "    \n",
    "    def Der_C_Aia(self, i, j, epsilon, Omega_m0, h, Omega_b0, ns, sigma8, Aia, Cia):\n",
    "        '''\n",
    "        Integra las funciones derivadas\n",
    "        '''\n",
    "        \n",
    "        C_plus = self.Cosmic_Shear_l3(i, j, Omega_m0, h, Omega_b0, ns, sigma8, Aia*(1+epsilon), Cia)\n",
    "        C_minus = self.Cosmic_Shear_l3(i, j, Omega_m0, h, Omega_b0, ns, sigma8, Aia*(1-epsilon), Cia)\n",
    "\n",
    "        return (C_plus - C_minus)/(epsilon*2*Aia)\n",
    "\n",
    "    def Der_C_Cia(self, i, j, epsilon, Omega_m0, h, Omega_b0, ns, sigma8, Aia, Cia):\n",
    "        '''\n",
    "        Integra las funciones derivadas\n",
    "        '''\n",
    "        \n",
    "        C_plus = self.Cosmic_Shear_l3(i, j, Omega_m0, h, Omega_b0, ns, sigma8, Aia, Cia*(1+epsilon))\n",
    "        C_minus = self.Cosmic_Shear_l3(i, j, Omega_m0, h, Omega_b0, ns, sigma8, Aia, Cia*(1-epsilon))\n",
    "\n",
    "        return (C_plus - C_minus)/(epsilon*2*Cia)\n",
    "\n",
    "    ##\n",
    "        \n",
    "    def Gran_Derivative(self, i, j, epsilon, Omega_m0, h, Omega_b0, ns, sigma8, Aia, Cia, parametro1):\n",
    "        if parametro1 == 'Om_m':\n",
    "            return self.Der_C_Omega(i, j, epsilon, Omega_m0, h, Omega_b0, ns, sigma8, Aia, Cia)\n",
    "        elif parametro1 == 'Om_b':\n",
    "            return self.Der_C_Omega_b(i, j, epsilon, Omega_m0, h, Omega_b0, ns, sigma8, Aia, Cia)\n",
    "        elif parametro1 == 'h':\n",
    "            return self.Der_C_h(i, j, epsilon, Omega_m0, h, Omega_b0, ns, sigma8, Aia, Cia)\n",
    "        elif parametro1 == 'ns':\n",
    "            return self.Der_C_ns(i ,j, Omega_m0, h, Omega_b0, ns, sigma8, Aia, Cia)\n",
    "        elif parametro1 == 'sigma8':\n",
    "            return self.Der_C_sig(i ,j, Omega_m0, h, Omega_b0, ns, sigma8, Aia, Cia)\n",
    "        elif parametro1 == 'Aia':\n",
    "            return self.Der_C_Aia(i ,j, epsilon, Omega_m0, h, Omega_b0, ns, sigma8, Aia, Cia)\n",
    "        elif parametro1 == 'Cia':\n",
    "            return self.Der_C_Cia(i ,j, epsilon, Omega_m0, h, Omega_b0, ns, sigma8, Aia, Cia)"
   ]
  },
  {
   "cell_type": "code",
   "execution_count": 26,
   "metadata": {},
   "outputs": [],
   "source": [
    "class Fisher:\n",
    "    '''\n",
    "    Calculate Fisher Matrix\n",
    "    '''\n",
    "    def __init__(self, params):\n",
    "        self.num = params['num_params']\n",
    "\n",
    "    def trace(self, Omega_m0, h, Omega_b0, ns, sigma8, Aia, Cia):\n",
    "        F = np.zeros((self.num+2, self.num+2))\n",
    "        L_array = np.log10(np.logspace(np.log10(10), np.log10(1500), 100))\n",
    "        cosmic_params = {'l': L_array , 'z': np.linspace(0.001, 2.5, 10)}\n",
    "        A = CosmicShear(cosmic_params)\n",
    "        \n",
    "        f_sky = 0.3636\n",
    "        C = np.zeros((10, 10), dtype=object)\n",
    "        dC_dq_Om_m_matrix = np.zeros((10, 10), dtype=object)\n",
    "        dC_dq_h_matrix = np.zeros((10, 10), dtype=object)\n",
    "        dC_dq_Om_b_matrix = np.zeros((10, 10), dtype=object)\n",
    "        dC_dq_w0_matrix = np.zeros((10, 10), dtype=object)\n",
    "        dC_dq_wa_matrix = np.zeros((10, 10), dtype=object)\n",
    "        dC_dq_ns_matrix = np.zeros((10, 10), dtype=object)\n",
    "        dC_dq_sig_matrix = np.zeros((10, 10), dtype=object)\n",
    "        dC_dq_Aia_matrix = np.zeros((10, 10), dtype=object)\n",
    "        dC_dq_Cia_matrix = np.zeros((10, 10), dtype=object)\n",
    "        \n",
    "        for i in range(10):\n",
    "            for j in range(i, 10):\n",
    "                logging.info(f\"Calculated pair: {(i, j)}\")\n",
    "                C[i, j] = C[j, i] = A.Cosmic_Shear_l3(i, j, Omega_m0, h, Omega_b0, ns, sigma8, Aia, Cia)\n",
    "                dC_dq_Om_m_matrix[i, j] = dC_dq_Om_m_matrix[j, i] = A.Gran_Derivative(i, j, 0.01, Omega_m0, h, Omega_b0, ns, sigma8, Aia, Cia, 'Om_m')\n",
    "                dC_dq_h_matrix[i, j] = dC_dq_h_matrix[j, i] = A.Gran_Derivative(i, j, 0.01, Omega_m0, h, Omega_b0, ns, sigma8, Aia, Cia, 'h')\n",
    "                dC_dq_Om_b_matrix[i, j] = dC_dq_Om_b_matrix[j, i] = A.Gran_Derivative(i, j, 0.01, Omega_m0, h, Omega_b0, ns, sigma8, Aia, Cia, 'Om_b')\n",
    "                dC_dq_ns_matrix[i, j] =  dC_dq_ns_matrix[j, i]  = A.Gran_Derivative(i, j, 0.01, Omega_m0, h, Omega_b0, ns, sigma8, Aia, Cia, 'ns')\n",
    "                dC_dq_sig_matrix[i, j] = dC_dq_sig_matrix[j, i] = A.Gran_Derivative(i, j, 0.01, Omega_m0, h, Omega_b0, ns, sigma8, Aia, Cia, 'sigma8')\n",
    "                dC_dq_Aia_matrix[i, j] =  dC_dq_Aia_matrix[j, i]  = A.Gran_Derivative(i, j, 0.01, Omega_m0, h, Omega_b0, ns, sigma8, Aia, Cia, 'ns')\n",
    "                dC_dq_Cia_matrix[i, j] = dC_dq_Cia_matrix[j, i] = A.Gran_Derivative(i, j, 0.01, Omega_m0, h, Omega_b0, ns, sigma8, Aia, Cia, 'sigma8')\n",
    "\n",
    "        C_matrix = np.array(C.tolist(), dtype=float)\n",
    "        C_matrix_2d = np.squeeze(C_matrix)\n",
    "\n",
    "        dC_dq_Om_m_matrix = np.array(dC_dq_Om_m_matrix.tolist(), dtype=float)\n",
    "        dC_dq_h_matrix = np.array(dC_dq_h_matrix.tolist(), dtype=float)\n",
    "        dC_dq_Om_b_matrix = np.array(dC_dq_Om_b_matrix.tolist(), dtype=float)\n",
    "        dC_dq_ns_matrix = np.array(dC_dq_ns_matrix.tolist(), dtype=float)\n",
    "        dC_dq_sig_matrix = np.array(dC_dq_sig_matrix.tolist(), dtype=float)\n",
    "        dC_dq_Aia_matrix = np.array(dC_dq_w0_matrix.tolist(), dtype=float)\n",
    "        dC_dq_Cia_matrix = np.array(dC_dq_wa_matrix.tolist(), dtype=float)\n",
    "\n",
    "        dC_dq_Om_m_matrix_2d = np.squeeze(dC_dq_Om_m_matrix)\n",
    "        dC_dq_h_matrix_2d = np.squeeze(dC_dq_h_matrix)\n",
    "        dC_dq_Om_b_matrix_2d = np.squeeze(dC_dq_Om_b_matrix)\n",
    "        dC_dq_ns_matrix_2d = np.squeeze(dC_dq_ns_matrix)\n",
    "        dC_dq_sig_matrix_2d = np.squeeze(dC_dq_sig_matrix)\n",
    "        dC_dq_Aia_matrix_2d = np.squeeze(dC_dq_ns_matrix)\n",
    "        dC_dq_Cia_matrix_2d = np.squeeze(dC_dq_sig_matrix)\n",
    "        \n",
    "        for i, l in enumerate(L_array):\n",
    "\n",
    "            L_parameter = ((2*(10**(l)) + 1)/2)\n",
    "            C_inv = np.linalg.inv(C_matrix_2d[:, :, i])\n",
    "\n",
    "            # OMEGA_M \n",
    "            Om_m_Om_m = np.trace(dC_dq_Om_m_matrix_2d[:, :, i] @ C_inv @ dC_dq_Om_m_matrix_2d[:, :, i] @ C_inv)\n",
    "            Om_m_h = np.trace(dC_dq_Om_m_matrix_2d[:, :, i] @ C_inv @ dC_dq_h_matrix_2d[:, :, i] @ C_inv)\n",
    "            Om_m_Om_b = np.trace(dC_dq_Om_m_matrix_2d[:, :, i] @ C_inv @ dC_dq_Om_b_matrix_2d[:, :, i] @ C_inv)\n",
    "            Om_m_ns = np.trace(dC_dq_Om_m_matrix_2d[:, :, i] @ C_inv @ dC_dq_ns_matrix_2d[:, :, i] @ C_inv)\n",
    "            Om_m_sig = np.trace(dC_dq_Om_m_matrix_2d[:, :, i] @ C_inv @ dC_dq_sig_matrix_2d[:, :, i] @ C_inv)\n",
    "            Om_m_Aia = np.trace(dC_dq_Om_m_matrix_2d[:, :, i] @ C_inv @ dC_dq_Aia_matrix_2d[:, :, i] @ C_inv)\n",
    "            Om_m_Cia = np.trace(dC_dq_Om_m_matrix_2d[:, :, i] @ C_inv @ dC_dq_Cia_matrix_2d[:, :, i] @ C_inv)\n",
    "\n",
    "            # H\n",
    "            h_h = np.trace(dC_dq_h_matrix_2d[:, :, i] @ C_inv @ dC_dq_h_matrix_2d[:, :, i] @ C_inv)\n",
    "            h_Om_b = np.trace(dC_dq_h_matrix_2d[:, :, i] @ C_inv @ dC_dq_Om_b_matrix_2d[:, :, i] @ C_inv)\n",
    "            h_ns = np.trace(dC_dq_h_matrix_2d[:, :, i] @ C_inv @ dC_dq_ns_matrix_2d[:, :, i] @ C_inv)\n",
    "            h_sig = np.trace(dC_dq_h_matrix_2d[:, :, i] @ C_inv @ dC_dq_sig_matrix_2d[:, :, i] @ C_inv)\n",
    "            h_Aia = np.trace(dC_dq_h_matrix_2d[:, :, i] @ C_inv @ dC_dq_Aia_matrix_2d[:, :, i] @ C_inv)\n",
    "            h_Cia = np.trace(dC_dq_h_matrix_2d[:, :, i] @ C_inv @ dC_dq_Cia_matrix_2d[:, :, i] @ C_inv)\n",
    "\n",
    "            # OMEGA_B\n",
    "            Om_b_Om_b = np.trace(dC_dq_Om_b_matrix_2d[:, :, i] @ C_inv @ dC_dq_Om_b_matrix_2d[:, :, i] @ C_inv)\n",
    "            Om_b_ns = np.trace(dC_dq_Om_b_matrix_2d[:, :, i] @ C_inv @ dC_dq_ns_matrix_2d[:, :, i] @ C_inv)\n",
    "            Om_b_sig = np.trace(dC_dq_Om_b_matrix_2d[:, :, i] @ C_inv @ dC_dq_sig_matrix_2d[:, :, i] @ C_inv)     \n",
    "            Om_b_Aia = np.trace(dC_dq_Om_b_matrix_2d[:, :, i] @ C_inv @ dC_dq_Aia_matrix_2d[:, :, i] @ C_inv)\n",
    "            Om_b_Cia = np.trace(dC_dq_Om_b_matrix_2d[:, :, i] @ C_inv @ dC_dq_Cia_matrix_2d[:, :, i] @ C_inv)   \n",
    "\n",
    "            # NS\n",
    "            ns_ns = np.trace(dC_dq_ns_matrix_2d[:, :, i] @ C_inv @ dC_dq_ns_matrix_2d[:, :, i] @ C_inv)\n",
    "            ns_sig = np.trace(dC_dq_ns_matrix_2d[:, :, i] @ C_inv @ dC_dq_sig_matrix_2d[:, :, i] @ C_inv)\n",
    "            ns_Aia = np.trace(dC_dq_ns_matrix_2d[:, :, i] @ C_inv @ dC_dq_Aia_matrix_2d[:, :, i] @ C_inv)\n",
    "            ns_Cia = np.trace(dC_dq_ns_matrix_2d[:, :, i] @ C_inv @ dC_dq_Cia_matrix_2d[:, :, i] @ C_inv) \n",
    "\n",
    "            # SIGMA8\n",
    "            sig_sig = np.trace(dC_dq_sig_matrix_2d[:, :, i] @ C_inv @ dC_dq_sig_matrix_2d[:, :, i] @ C_inv)\n",
    "            sig_Aia = np.trace(dC_dq_Aia_matrix_2d[:, :, i] @ C_inv @ dC_dq_sig_matrix_2d[:, :, i] @ C_inv)  \n",
    "            sig_Cia = np.trace(dC_dq_Cia_matrix_2d[:, :, i] @ C_inv @ dC_dq_sig_matrix_2d[:, :, i] @ C_inv) \n",
    "\n",
    "            # Aia\n",
    "            Aia_Aia = np.trace(dC_dq_Aia_matrix_2d[:, :, i] @ C_inv @ dC_dq_Aia_matrix_2d[:, :, i] @ C_inv)  \n",
    "            Aia_Cia = np.trace(dC_dq_Cia_matrix_2d[:, :, i] @ C_inv @ dC_dq_Aia_matrix_2d[:, :, i] @ C_inv)   \n",
    "\n",
    "            # Cia\n",
    "            Cia_Cia = np.trace(dC_dq_Cia_matrix_2d[:, :, i] @ C_inv @ dC_dq_Cia_matrix_2d[:, :, i] @ C_inv)     \n",
    "            \n",
    "            coeficientes = {\n",
    "                    (0, 0): Om_m_Om_m, (0, 1): Om_m_h, (0, 2): Om_m_Om_b, (0, 3): Om_m_ns, (0, 4): Om_m_sig, (0, 5): Om_m_Aia, (0, 6): Om_m_Cia,\n",
    "                    (1, 1): h_h, (1, 2): h_Om_b, (1, 3): h_ns, (1, 4): h_sig, (1, 5): h_Aia, (1, 6): h_Cia,\n",
    "                    (2, 2): Om_b_Om_b, (2, 3): Om_b_ns, (2, 4): Om_b_sig, (2, 5): Om_b_Aia, (2, 6): Om_b_Cia,\n",
    "                    (3, 3): ns_ns, (3, 4): ns_sig, (3, 5): ns_Aia, (4, 6): ns_Cia,\n",
    "                    (4, 4): sig_sig, (4, 5): sig_Aia, (4, 6): sig_Cia, \n",
    "                    (5, 5): Aia_Aia, (5, 6): Aia_Cia, \n",
    "                    (6, 6): Cia_Cia\n",
    "                }\n",
    "\n",
    "            for (i, j), coef in coeficientes.items():\n",
    "                    F[i, j] += L_parameter * coef\n",
    "\n",
    "        Fisher = F + F.T - np.diag(F.diagonal())\n",
    "        logging.info(f\"Fisher Matrix: {Fisher}\")\n",
    "\n",
    "        return f_sky*Fisher"
   ]
  },
  {
   "cell_type": "code",
   "execution_count": 27,
   "metadata": {},
   "outputs": [],
   "source": [
    "params = {'num_params': 5, 'type': 'standard', 'model' : 'ACDM_flat'}\n",
    "\n",
    "A = Fisher(params)"
   ]
  },
  {
   "cell_type": "code",
   "execution_count": 28,
   "metadata": {},
   "outputs": [],
   "source": [
    "Aia, Cia = 1.72, 0.0134"
   ]
  },
  {
   "cell_type": "code",
   "execution_count": 29,
   "metadata": {},
   "outputs": [
    {
     "name": "stderr",
     "output_type": "stream",
     "text": [
      "INFO:root:Calculated pair: (0, 0)\n",
      "INFO:root:Calculated pair: (0, 1)\n",
      "INFO:root:Calculated pair: (0, 2)\n",
      "INFO:root:Calculated pair: (0, 3)\n",
      "INFO:root:Calculated pair: (0, 4)\n",
      "INFO:root:Calculated pair: (0, 5)\n",
      "INFO:root:Calculated pair: (0, 6)\n",
      "INFO:root:Calculated pair: (0, 7)\n",
      "INFO:root:Calculated pair: (0, 8)\n",
      "INFO:root:Calculated pair: (0, 9)\n",
      "INFO:root:Calculated pair: (1, 1)\n",
      "INFO:root:Calculated pair: (1, 2)\n",
      "INFO:root:Calculated pair: (1, 3)\n",
      "INFO:root:Calculated pair: (1, 4)\n",
      "INFO:root:Calculated pair: (1, 5)\n",
      "INFO:root:Calculated pair: (1, 6)\n",
      "INFO:root:Calculated pair: (1, 7)\n",
      "INFO:root:Calculated pair: (1, 8)\n",
      "INFO:root:Calculated pair: (1, 9)\n",
      "INFO:root:Calculated pair: (2, 2)\n",
      "INFO:root:Calculated pair: (2, 3)\n",
      "INFO:root:Calculated pair: (2, 4)\n",
      "INFO:root:Calculated pair: (2, 5)\n",
      "INFO:root:Calculated pair: (2, 6)\n",
      "INFO:root:Calculated pair: (2, 7)\n",
      "INFO:root:Calculated pair: (2, 8)\n",
      "INFO:root:Calculated pair: (2, 9)\n",
      "INFO:root:Calculated pair: (3, 3)\n",
      "INFO:root:Calculated pair: (3, 4)\n",
      "INFO:root:Calculated pair: (3, 5)\n",
      "INFO:root:Calculated pair: (3, 6)\n",
      "INFO:root:Calculated pair: (3, 7)\n",
      "INFO:root:Calculated pair: (3, 8)\n",
      "INFO:root:Calculated pair: (3, 9)\n",
      "INFO:root:Calculated pair: (4, 4)\n",
      "INFO:root:Calculated pair: (4, 5)\n",
      "INFO:root:Calculated pair: (4, 6)\n",
      "INFO:root:Calculated pair: (4, 7)\n",
      "INFO:root:Calculated pair: (4, 8)\n",
      "INFO:root:Calculated pair: (4, 9)\n",
      "INFO:root:Calculated pair: (5, 5)\n",
      "INFO:root:Calculated pair: (5, 6)\n",
      "INFO:root:Calculated pair: (5, 7)\n",
      "INFO:root:Calculated pair: (5, 8)\n",
      "INFO:root:Calculated pair: (5, 9)\n",
      "INFO:root:Calculated pair: (6, 6)\n",
      "INFO:root:Calculated pair: (6, 7)\n",
      "INFO:root:Calculated pair: (6, 8)\n",
      "INFO:root:Calculated pair: (6, 9)\n",
      "INFO:root:Calculated pair: (7, 7)\n",
      "INFO:root:Calculated pair: (7, 8)\n",
      "INFO:root:Calculated pair: (7, 9)\n",
      "INFO:root:Calculated pair: (8, 8)\n",
      "INFO:root:Calculated pair: (8, 9)\n",
      "INFO:root:Calculated pair: (9, 9)\n",
      "INFO:root:Fisher Matrix: [[ 3239666.52796595 10248423.26637387  3634542.66796828  -335624.98354932\n",
      "   2316164.52042816  -335624.98354932  2316164.52042816]\n",
      " [10248423.26637387 34518501.36440444 13106477.96189902 -1423279.93562532\n",
      "   7529896.51474647 -1423279.93562532  7529896.51474647]\n",
      " [ 3634542.66796828 13106477.96189902  5488940.655139    -623522.60269766\n",
      "   2757609.88500372  -623522.60269766  2757609.88500372]\n",
      " [ -335624.98354932 -1423279.93562532  -623522.60269766   232892.34116646\n",
      "   -165699.5135796    232892.34116646        0.        ]\n",
      " [ 2316164.52042816  7529896.51474647  2757609.88500372  -165699.5135796\n",
      "   1782844.32039247  -165699.5135796   1782844.32039247]\n",
      " [ -335624.98354932 -1423279.93562532  -623522.60269766   232892.34116646\n",
      "   -165699.5135796    232892.34116646  -165699.51357937]\n",
      " [ 2316164.52042816  7529896.51474647  2757609.88500372        0.\n",
      "   1782844.32039247  -165699.51357937  1782844.32039247]]\n"
     ]
    }
   ],
   "source": [
    "F = A.trace(Omega_m0, h, Omega_b0, ns, sigma8, Aia, Cia)"
   ]
  },
  {
   "cell_type": "code",
   "execution_count": 30,
   "metadata": {},
   "outputs": [
    {
     "data": {
      "text/plain": [
       "array([[ 1177942.74956842,  3726326.69965354,  1321519.71407327,\n",
       "         -122033.24401853,   842157.41962768,  -122033.24401853,\n",
       "          842157.41962768],\n",
       "       [ 3726326.69965354, 12550927.09609745,  4765515.38694648,\n",
       "         -517504.58459337,  2737870.37276181,  -517504.58459337,\n",
       "         2737870.37276181],\n",
       "       [ 1321519.71407327,  4765515.38694648,  1995778.82220854,\n",
       "         -226712.81834087,  1002666.95418735,  -226712.81834087,\n",
       "         1002666.95418735],\n",
       "       [ -122033.24401853,  -517504.58459337,  -226712.81834087,\n",
       "           84679.65524812,   -60248.34313754,    84679.65524812,\n",
       "               0.        ],\n",
       "       [  842157.41962768,  2737870.37276181,  1002666.95418735,\n",
       "          -60248.34313754,   648242.1948947 ,   -60248.34313754,\n",
       "          648242.1948947 ],\n",
       "       [ -122033.24401853,  -517504.58459337,  -226712.81834087,\n",
       "           84679.65524812,   -60248.34313754,    84679.65524812,\n",
       "          -60248.34313746],\n",
       "       [  842157.41962768,  2737870.37276181,  1002666.95418735,\n",
       "               0.        ,   648242.1948947 ,   -60248.34313746,\n",
       "          648242.1948947 ]])"
      ]
     },
     "execution_count": 30,
     "metadata": {},
     "output_type": "execute_result"
    }
   ],
   "source": [
    "F"
   ]
  },
  {
   "cell_type": "code",
   "execution_count": 31,
   "metadata": {},
   "outputs": [
    {
     "name": "stdout",
     "output_type": "stream",
     "text": [
      "[[ 5.16597478e-05 -3.00565918e-05  2.47994370e-05  4.16296496e-17\n",
      "   1.87299375e-05 -2.95161748e-05  1.67742834e-22]\n",
      " [-3.00565918e-05  3.02542113e-05 -1.94655946e-05 -7.21209462e-17\n",
      "  -5.38709912e-05  5.11345005e-05  1.80389553e-21]\n",
      " [ 2.47994370e-05 -1.94655946e-05  1.84489377e-05  2.80307991e-17\n",
      "   1.96126023e-05 -1.98742096e-05 -8.20558515e-22]\n",
      " [ 4.16310373e-17 -7.21235016e-17  2.80307702e-17  3.03377381e-22\n",
      "  -1.65979668e-05 -1.87365714e-16  1.65979668e-05]\n",
      " [ 1.87299375e-05 -5.38709912e-05  1.96126023e-05 -1.65979668e-05\n",
      "   1.61895951e-04 -1.17937521e-04 -6.76214895e-21]\n",
      " [-2.95161748e-05  5.11345005e-05 -1.98742096e-05 -1.87364206e-16\n",
      "  -1.17937521e-04  1.32843072e-04 -1.65979668e-05]\n",
      " [ 0.00000000e+00  0.00000000e+00  9.21372246e-22  1.65979668e-05\n",
      "   0.00000000e+00 -1.65979668e-05  0.00000000e+00]]\n",
      "ERRORES\n",
      "Error Omega_m: 0.007187471584533244\n",
      "Error h: 0.00550038283123123\n",
      "Error Omega_b: 0.004295222664480326\n",
